652 INDEX LATINUS.

1291. 1341. 1362. 1418.

&468361525181575 1653.
485. 683. huf-9:377.- {gg-
Eum. 200. 219. 336. 406.
4¹7- 615. 684. Suppl. 15.
175. 251. 259. 299. 309.
399. 491. 5.7¹· 617. 963.
Is.Casa11b0m Pers. 422. Ag.
69. 664. 761. 980. 995.
1261. 1299. 1332. 1479.
1568. 1663. 1664. Ch. 15.
23.132. Eum. 268. 312.
Dawesii Pr. 213.
G. Diudorfii Pr. 114. 211.

378· 428· 430· 433- 543·
551. 566. 568. 599. 692.
695. 742. 749. 770. 822.
835. 902. 904. 1057. Sept.
63. 79. 83. 84. 89. 90. 9¹-
106.108.109.110.118.
122.146. 154.157. 161.
183. 239. 275. 278. 288.
315 318- 347· 356 in

Add. 358. 359. 418. 481.
515. 550. 613. 736. m Add.

774. 798. 818. 824. 826.
833. 857. 910. 927. 928.
948. 983. 984. 985. 996.
999. 1000. 1003. Pers. 30.
152. 213. 329. 550. 560.
584. 616. 653. 706. 732.
753· 899· 931· 966· 985-
990. 992. 994. 1006. 1010.
1030. 1038. 1054. 1076.
Ag· 72- 340- 345· 478- 723·
930.1072.1076.1091.1115.
1122. 1163. 1262. 1341.
1429. 1472. 1485. 1596.
Ch. 48. 52. 64. 145. 232.
385. 449. 605. 818. 1004.
1020. Eum. 50. 130. 188.
247· 353· 359· 365- 366·
430. 440. 475. 632. 651.
727· 751- 755· 767· 783-
784. 856. 1013. Suppl. 71.
146. 266. 385. 431. 444.
448· 597- 604· 7¹9· 776·
L<9131n7133÷1118088ep9t259148. in
Add. 273. 845.

Dobraei Sept. 576. Ag. 348.
Ch. 172. 285. 449. Ε11111.
890. 944.

Doederlini Pr. 313.

Elmsleii Pr. 28. 234. 240.

274. 347. 576. 582. 606.
680. 716. 735. 783. 849.
934. 948. Sept. 514. 867.
894. 915. 1066. Pers. 239.
450. 481. Ag. 245. 909.
1052.1375. 1585. Ch. 44.
94. 854. 965. Eum. 53.

499. 600.
Emperii Ag. 547. Ch. 813.

Engeri Sept. 766. Pers. 665.
Suppl. 11 1.

Erfurdtii Sept. 473. ch.1019.
E11111.187.

Heathii Pr. 400. 434. Sept.
235. 239. 786. Pers. 568.
Ag. 304. 695. 735. 822.
946. 1289. 1378. 1644.
Ch. 32. 69. 226. 586. 623.
719. 1044. Eum. 269. 302.
313. 368. 376. 378. 491.
505. 526546. Suppl.60.69.
552. 661. 664. 1007.1022.

Hemsterhusii Pers. 466.

G. Hermanni Pr. 429. 579.
Sept. 163. 170. 225. 346.
364. 374. 565. 628. 776.
784. 785. 917. 962. 965.
970. 985. Pers. 99. 571.
794. 859. 891. 896. 898.
899. 964. 991. 1022. Ag.
103. 132. 254. 336. 350.
369. 421. 449. 662. 714.
728. 730. 766. 769. 779.
1134. 1146. 1147. 1256.
1284. 1334. 1428. 1455.
1468. 1470. 1527. 1535.
1565. 1590. Ch. 54. 68.
69.124. 129. 294. 317. 335.
389. 399. 402. 418. 423.
424. 425. 451. 462. 466.
510. 640. 647. 727. 811.
8¹3· 8¹5- 954· 957· 963·
969. 994. Eum. 76. 92.103.
105. 147. 231. 255. 257.
258. 286. 312. 313. 358.
368. 369. 371. 461. 489.

